4.9951171875
4.9951171875
4.9951171875
4.9951171875
4.9951171875
4.9951171875
4.9951171875
4.9951171875
4.9951171875
4.9951171875
4.9951171875
4.9951171875
4.9951171875
3.4375
3.4375
3.4375
3.4326171875
3.4326171875
3.4423828125
3.4326171875
3.4375
3.4521484375
3.4423828125
3.427734375
4.9951171875
4.9951171875
4.9951171875
4.9951171875
4.9951171875
4.990234375
4.9951171875
4.9609375
0.0
3.4326171875
3.427734375
3.4326171875
0.0
4.9951171875
4.9951171875
4.9951171875
4.9951171875
4.9951171875
0.0
0.0
0.0
0.0
0.4296875
4.9951171875
4.9951171875
4.9951171875
4.9951171875
0.0
0.0
0.0
0.0
0.0
0.0
0.0
0.0
0.0
0.0
